100
3 1 4
1100
1010
0000
1000
2 4 4
1111
1111
1111
0111
1011
1101
1 1 10
1111111111
1111111111
10 10 7
0100111
0100001
0100101
0100111
0100101
0100001
0000001
1100001
1100001
0100101
0000111
0100001
0100101
0110111
0101111
0000001
0100111
1100111
1100001
0100011
5 10 4
0000
1101
1001
0110
1011
1110
0111
1000
1011
1010
0011
1100
1001
1101
0101
10 10 5
01110
01011
00001
01010
01010
01001
00010
00000
00011
10010
00001
01011
00011
00010
01001
11110
00000
01010
10010
01110
10 10 5
01110
01101
11110
11111
01111
01011
01110
01110
11011
01111
11110
01111
01100
11111
01101
01011
01110
00110
11011
01010
10 10 5
01010
11111
10000
10011
01011
10001
01010
00100
11010
11011
11111
10001
11010
00100
10011
01011
11011
10000
01010
00010
10 10 7
0000100
0111110
1100110
0111010
1101110
1011010
1101111
1001100
1111000
0100111
1111000
1011010
0000100
1101110
0111010
0100111
1001100
1101111
0111110
1100110
10 10 4
1110
0101
0001
0111
1101
1101
1100
1111
0010
0110
0101
0110
0010
0001
1101
1010
1111
0111
1100
1110
10 10 7
0111000
1111011
0111000
0111010
0010110
0000110
1111011
0111000
0111011
1111010
0101000
0111000
0000110
0111011
1111010
1111000
0010110
0011000
1111011
0111010
1 1 1
1
1
10 10 6
000000
110110
110011
111011
001010
010111
111010
111100
101101
100101
110110
001010
000000
100101
101101
111100
010111
110011
111011
111010
1 10 10
1100110011
0011101011
0101011000
0010111000
1111110111
1110111110
0100000101
0000000011
0101101111
1001101000
1100110011
10 10 8
11111101
11101111
11000001
10100111
00100111
00100111
11101101
00100011
10101101
00110111
11000001
11101101
10101101
00110111
11101111
10100111
01111101
00100011
11111101
00100111
10 10 4
1100
0011
0001
1010
0011
1011
1101
1111
1011
1000
0011
1010
1111
0001
1110
1100
1000
0100
1011
1101
10 10 9
000010101
001010000
000011001
001011000
001010001
000000001
001010101
110001011
000010001
000100001
001011000
000010101
000100001
000011001
000010001
001010001
001010101
001010000
110001011
000000001
10 7 10
1111011110
1001001101
1000011000
0101001000
1110111110
1000101010
0000100011
0111100101
0011000111
0111100111
0111100001
1011000000
1100101001
0000110100
0010110110
0000010011
0111111100
10 10 7
1110100
1110100
1100100
1100110
1100100
1110101
1110100
1110100
1100100
1010100
1110101
1100100
0110100
1100110
1010100
1110000
1111100
1110110
1110100
0100100
6 9 8
10001011
11000010
11111110
10110001
10000111
11001000
11001001
11010001
00101000
01000110
10000000
11110001
00010110
10001110
11011111
10 10 4
1111
1111
1010
1010
1111
1111
1111
1111
1111
1111
1011
0011
1101
0010
0111
1010
1000
1111
1110
0101
1 10 9
010110010
001011101
011011111
010100001
010111001
001100110
111110011
111110001
011100110
111001001
001001110
10 7 7
1010001
1000111
1000000
0000111
0111111
1011110
1100010
0010011
1100001
0111111
1100110
1011101
1110101
1011110
0001110
0110011
1111111
10 4 10
0010011100
1100101101
1111011010
1001101101
1001101011
0101010101
0111101110
0111101110
1001100111
0011110000
0100101010
0010100010
1100010110
1001001001
10 10 4
1011
1101
1010
1001
1001
1001
1111
1011
0011
1000
0011
0101
1100
1011
1010
1001
1101
1111
1000
0010
7 10 4
1101
1011
1101
0100
1010
1001
1001
0101
1101
1110
1001
0100
0000
0001
1010
1100
1111
6 10 7
1010001
0111101
0111011
1001111
1000111
0110011
0000001
0101011
0111110
0101101
0111011
1101101
1100001
0010011
1110011
0010110
10 10 5
11011
10101
11001
01100
00011
01010
11110
00011
00011
10010
11110
01011
10101
01010
10010
00011
11011
10011
01100
11001
10 10 5
01010
01101
10001
01100
00010
00011
10111
00111
00101
00111
01100
00111
11010
10111
00101
10001
00011
00010
01101
01010
10 10 4
0000
0010
0010
0110
1010
0000
0010
0010
0010
0110
0011
1010
0001
0100
0000
1000
0010
0110
0111
1110
10 10 9
010010000
001001110
010110000
111011000
011101011
001110111
000010011
111001001
000101101
100101000
110111001
111010001
110110001
110001111
110010111
011100110
101100110
010111001
000000001
110101100
10 7 3
110
000
101
111
101
010
111
110
010
001
100
101
111
010
110
000
001
10 10 4
1110
0000
1110
0111
1110
1010
0010
0011
1111
1000
1000
1110
0011
0000
1111
1010
1100
0111
0110
0010
1 10 10
0011111001
0110011100
1101100101
0011111001
0101010100
1000001001
1010100101
1111110101
0010101110
1010000101
1101111110
10 10 4
0101
1111
1100
1110
0000
1000
0000
1110
0110
1001
0000
0110
1000
0101
1001
0001
1110
1111
1101
1100
10 10 8
11000100
11001100
01001011
10010001
11010001
01001001
01001011
11001100
11010001
01001011
01001001
10010001
01001011
11000100
01000100
11010100
11010001
10000100
11001100
11100100
10 10 4
0011
1100
1010
1110
1000
1111
1111
1100
0001
0100
0100
1100
0001
1000
1010
1011
0111
1110
0011
1111
10 10 4
1100
0111
0011
0111
0000
1011
1110
1110
1100
1110
1110
1000
1101
1111
0011
1100
1011
0000
0111
0100
5 10 9
010101110
100010011
011111110
011100100
110100010
100111011
000011101
001000111
011010010
111000100
011011001
011001101
011011010
011100110
100000101
10 7 3
101
010
101
000
101
000
110
111
010
011
000
010
110
011
001
111
101
10 10 10
0000010010
0100010010
0001010010
1100001100
0100010010
1100001110
1100001010
1100001110
1100001110
1100001110
1011101000
0001001101
0010000001
0100000000
1101110010
0100001000
1110100111
1110111101
0101000100
1001100010
10 10 4
0110
0011
1010
0010
0111
0011
0111
0110
0011
0010
0001
1110
0100
0110
1010
1011
0111
1000
0010
0011
10 10 10
1010011000
0010001100
1110100110
1001010010
1111001011
0001100010
1101000100
1101101001
1000010001
0001001101
0110110011
1110000111
1101111001
0011011101
1111000000
0100111000
0000101101
1100111100
1010111111
0011010101
10 10 4
1001
1000
1100
0001
0001
0101
0011
0111
1010
0010
1101
0001
1000
0010
1001
0011
1010
0111
0101
1100
10 10 9
101011000
101011000
101011000
101011000
101011000
101011000
101011000
101011000
101011000
101011000
111011000
101001000
101011010
100011000
101111000
101011100
101011001
001011000
101011000
101010000
10 10 4
1001
1011
1001
1011
1011
1001
1001
0001
1001
1011
1011
0001
1010
1101
1111
0000
1001
1000
0011
0101
10 10 6
001111
011101
001101
000011
000111
001101
000111
001101
001101
000110
001101
101111
000111
001111
000110
001011
000011
011111
011101
001110
10 10 4
0000
0011
0000
0001
0010
0101
1101
0001
0101
1001
1001
1011
0100
1101
0010
0011
1000
0101
0001
0000
10 10 9
000000010
100111000
001100010
001011000
000101101
100111011
011011101
000000010
001100100
111000011
001100100
000000010
001011000
100111011
000101101
100000010
100111000
111000011
011011101
001100010
10 10 9
110001000
001100101
111111101
001100100
100100000
011011100
001111010
110010010
110100101
111010000
001100100
100100000
110001000
110100101
111010000
001100101
011011100
110010010
001111010
111111101
10 10 5
10100
01101
11110
00011
11001
11001
01101
00100
00001
01100
11110
11100
10000
00100
01100
11001
10100
00011
00001
01101
10 10 7
1101000
0100110
1101000
0110110
0101100
0101000
0000110
0010110
1100000
1001010
0110110
1100000
0010110
0101000
0101100
1001010
0100110
1101000
1001000
0000110
10 7 3
001
100
000
100
000
100
100
110
111
010
111
000
010
110
101
100
001
10 10 9
100010110
110110000
101111011
010011111
110000000
010101011
010010001
000000011
000000111
011110000
010101011
010011111
110110000
010010001
011110000
101111011
110000000
000000111
100010110
000000011
2 4 6
011001
010001
101011
111111
011001
010001
1 10 10
1110110000
1110110000
1000011110
0111101101
1010001111
1110100010
0100000001
0000000110
1101000100
1010011010
0011010100
10 10 5
10001
11111
11000
01111
10001
11001
01111
01111
00111
11101
10001
11000
11001
00001
11101
10101
01111
10011
00111
11111
10 10 5
11100
01011
00011
10110
10101
11100
10001
01100
11010
01111
10101
11010
10100
10001
11100
01011
00011
01111
01100
10110
1 10 10
0010100011
0010100011
1111000001
0110010111
0111111101
1010101011
1010010000
0110110100
1010110111
1001001101
1010100110
10 10 5
10111
10111
10111
10111
10111
10111
10111
10111
10111
10111
10111
10011
11111
00110
00011
10110
00101
00111
10101
01111
10 10 5
01101
00010
00101
01000
01010
01010
00100
01000
00110
01101
01111
00110
11101
01001
01000
00010
01101
00101
00100
01010
10 10 6
000001
111100
111000
000000
000101
111100
110100
101000
000101
001001
010001
001001
000000
111000
000001
101000
110100
000101
100001
111100
1 2 10
0011001011
0001101000
1100001101
10 10 9
000101000
011011000
000101000
101111001
000111000
000101000
000101000
000111000
101111001
000101000
011011000
000101100
010101000
000001000
000111000
000101000
101111001
001101000
100101000
000100000
10 10 4
1011
1100
1011
1010
1110
0010
1110
0111
1011
1101
1101
1011
0111
1000
0100
0010
0011
1110
0110
0000
10 10 8
01110111
01110111
01110110
01110110
01110110
01110111
01101101
01101101
01110110
01110110
01100111
01101101
11110111
01110101
01110011
01110111
01110110
01111111
01010111
00110111
10 10 7
1101011
1101011
1101011
1101111
1101011
1101011
1101011
1101011
1101011
1100111
1100111
1101111
1111011
0101111
1100011
1101010
1101011
1001011
0101011
1101001
10 10 8
10001001
11011110
01011100
00011010
10010001
11101001
01111100
00100111
01010100
11011111
11011111
11011110
10010001
01111100
01011100
01010100
00100111
10001001
00011010
11101001
10 10 4
0111
0111
1000
0111
0111
0111
1000
0111
0111
1000
1001
0110
1111
0101
0011
0000
0111
1000
1010
1100
10 10 4
0101
0100
0011
0001
0101
0001
0111
1011
1011
1011
0101
0000
0100
1011
0001
0110
1100
1101
0111
0011
4 7 10
0000010111
0111100110
0110010011
0100011010
1010011000
1101000111
0000001100
0100101100
0101011111
0111111000
1000111010
10 10 5
01101
01110
10100
01011
00000
11010
11111
00000
11110
01111
11101
11010
01110
10100
01011
00000
01111
01101
11110
11111
10 10 10
1111000011
1111101010
1111000010
1101000010
1101000010
1111001010
1111101110
1011101010
1111000010
1110000011
1111101010
1011101010
1111101110
1111001010
1111000010
1110000011
1111000011
1011000011
1101000010
0111000011
10 10 10
0001100100
0001100100
0001100100
0001100100
0001100100
0001100100
0001100100
0001100100
0001100100
0001100100
0010000111
0101010010
1110001100
1101100000
1110001000
1000110100
1011110011
0111001101
0011110100
1011111011
10 10 9
000111010
001100101
110111010
111100011
111010011
001011111
011101000
010001001
011001110
000001100
111100011
011101000
010001001
111010011
001011111
000001100
001100101
110111010
000111010
011001110
10 1 1
0
0
0
1
0
0
0
0
1
1
0
10 10 6
110010
101101
110000
100010
111010
111110
100101
111000
010000
110010
100010
110000
111110
010000
110010
111010
101101
010010
111000
100101
10 10 6
111100
011101
011011
011110
101000
000001
000001
011111
010010
001000
101000
011101
011011
011100
011110
010010
001000
111100
000001
011111
1 10 10
1101111010
0110001101
0100000000
0010101011
1001000011
0110000000
0111111000
1100000001
1001111101
1101111010
1000111010
10 10 4
1110
1010
1001
1001
0001
1011
1100
0011
1111
1000
1010
1111
0001
1100
0110
1110
1011
1000
1001
0011
10 10 4
1000
0100
0100
1000
0001
0001
1110
1101
1001
1001
0100
0110
1000
0001
1001
1101
1110
1010
0000
1100
1 1 4
0000
0000
10 10 8
01001001
00110110
10110101
11000001
00011000
00000111
11110100
01101101
10100001
11100110
10100001
11100110
11110100
00110110
00011000
01101101
01001001
10110101
11000001
00000111
10 10 5
11111
11100
10110
11101
11110
10010
10100
11101
10010
10110
11011
10100
11101
11110
01111
10111
10110
10010
11111
11100
10 2 10
1100111001
1101110010
0100010011
1011111101
0001010011
1010010100
0100001010
0011011010
1110100001
0000100011
0111000111
0000001111
10 10 9
111101110
111100110
111111110
111011110
100111111
101111111
010011100
100111011
101111111
100110111
011101110
010011100
100111111
111011110
100111011
101111111
111100110
111111110
100110111
111101110
10 2 10
1000111011
1100101001
1110011010
1011000110
1000011100
1001010101
1100111010
0001000111
1010110100
1011111011
0000110011
0000101000
10 10 7
0001100
1011101
0001101
1001000
1100111
1001000
1111010
0101010
0000010
0010110
1111010
0010110
1001100
1011101
1001000
0101010
0000010
1100111
0001101
0001100
10 10 10
0000100011
1100011101
0100111110
0001001111
0011000101
0110011011
0111100111
1100110001
0100010101
0001001001
0110011011
0111100111
0100111110
1100110001
1100011101
0011000101
0001001111
0100010101
0001001001
0000100011
10 10 4
0111
0111
0011
1011
1111
1111
1101
1110
1111
1101
1101
1111
0101
1011
0110
0011
1110
0010
0111
0001
10 10 7
0001011
0000011
0000001
0010011
0110011
0011011
0000111
0000011
0100010
0110010
0110010
0011011
1001011
0000011
0000001
0010011
0110011
0001011
0100010
0000111
10 10 8
10111000
10111000
10111010
10001001
10011000
10011001
10011001
10111001
10111010
00111010
11111000
10111010
10111000
10011001
10001001
10111001
00111000
00111010
10101000
10011000
10 10 7
0010111
1001011
0011100
1001111
0010001
0100100
1111001
0110010
1111100
0000010
0000010
0010001
1111001
0011100
0010111
0110010
1001111
0100100
1111100
1001011
10 10 6
011100
100100
101100
111100
110111
001010
011010
101100
101001
111000
101100
011010
001010
110111
001100
111000
100100
101001
011100
111100
10 10 9
000011000
001110000
001111000
011001111
001101111
000001111
001001111
101001111
001011000
001001111
001111000
101001111
001001111
100011000
001101111
000001111
000011000
011001111
001011000
001110000
10 10 6
110110
111011
110011
011011
010001
001111
010001
101110
110100
100001
010001
100001
001111
110100
101110
010110
110011
110110
011011
111011
10 10 4
1110
1110
1110
1110
1110
1110
1110
1110
1110
1110
0100
1111
1000
1010
1100
1110
0010
0111
0110
1011
10 10 5
11011
11111
11011
10000
10011
10101
10010
00110
10011
10101
11111
00110
11001
10000
11011
01011
10101
10010
10011
11010
10 10 9
011110011
100100011
001011001
110000100
001101100
000100111
001010011
101010110
110010001
010101111
100011100
001011111
011010000
110100001
111101111
010001110
001110111
111010101
001000000
010111111
10 3 2
10
10
10
01
11
01
01
11
01
11
10
01
11
