100
3 1 4
1100
1010
0000
1000
2 4 4
1111
1111
1111
0111
1011
1101
10 10 4
0000
0000
0000
0000
0000
1111
1111
0000
0000
1111
0000
1111
0100
1110
1000
1101
1011
0010
0001
0111
10 10 4
0010
1010
0011
1101
1101
0011
1000
0001
1110
0111
0011
0010
0000
0111
1101
1110
0110
1010
1000
0001
10 10 10
0110001000
0101001100
0101101011
0110101100
1110010011
0110010001
1011111000
1110001110
1000000011
0100111101
0110101100
0101101011
1110001110
1011111000
1000000011
0101001100
0100111101
0110010001
1110010011
0110001000
10 10 5
00001
01110
00110
00110
00011
00010
01010
00000
00010
01001
00110
10001
01010
00000
00001
00011
01110
01001
00010
00101
10 10 6
000011
010011
001111
100111
000111
011011
000111
100111
000111
010001
001111
100011
010011
000001
000011
011011
010001
100111
001011
000111
10 10 5
00001
00001
00001
00001
00001
00001
00001
00001
00001
00001
00001
01001
11001
00000
10001
10011
00101
10000
10101
00011
1 1 10
1111111111
1111111111
10 1 10
1000100010
0010010101
1100001010
1011110110
0111110111
0111000011
0110011101
1000010011
0111110100
0000100001
1101010101
10 10 8
00110110
00000110
01111000
10010001
00000010
01001010
00100110
11111010
00110011
01011001
00000010
01011001
11111010
00110110
10010001
01001010
00110011
00100110
01111000
00000110
10 10 5
00001
11001
10001
01011
11011
00111
11011
00011
01001
11111
00111
10001
00101
11111
00011
11001
01011
11011
00001
01001
10 10 8
01000100
00001110
10011010
11010110
00001010
11011000
10011101
11100110
11010010
00100010
01000100
10011010
00100010
11100110
00001110
11010010
00001010
11010110
11011000
10011101
7 10 10
1111010100
0000101000
1001010110
0001111101
0000000110
0110001001
1100000011
0001100111
0001001001
0011101111
0001011100
0001010110
1001010000
1010100000
0011010010
1111100011
1111010110
10 6 8
01011100
10000110
00111010
11100011
00000000
00001000
11011110
00010011
01000010
00110101
01111100
00010111
10111000
11100010
11101001
01101101
10 10 6
011100
011100
011100
011100
100101
100101
100101
011100
100101
100101
000101
011101
011110
011100
010100
111100
011000
100101
110101
001100
1 10 10
1001001010
1000000101
1101110111
0011100111
0011000000
1111100101
1001001010
1011100111
1010000001
1110101111
1101101010
10 10 7
0001101
0011111
0101001
0001111
1101101
0100100
0001100
0101101
0100101
0011011
0001111
0011111
0100100
1101101
0001101
0100101
0101101
0001100
0011011
0101001
10 10 7
0100101
1100000
1100000
1100000
0100000
1100000
1101000
1100000
1100000
1100000
1100101
0101101
0110101
0100111
1101000
1100000
0100101
0100001
0000101
0100000
10 10 4
0001
0001
0001
0001
0001
0001
0001
0001
0001
0001
0100
1001
0101
0111
0011
1101
0001
1011
0000
1000
1 10 10
1110001111
0101001101
1111000011
1001000110
0011100110
1110001111
0011100011
1011100000
0010010000
0011101111
0110011000
1 1 4
0000
0000
10 10 9
100011111
110101010
010010100
000000110
011011100
110101111
010001001
101010101
100011010
000010111
101010101
011011100
010001001
100011010
010010100
000010111
110101111
110101010
000000110
100011111
10 10 10
0101110110
0110101000
0101100100
0101100100
0101000100
0100100110
0101000100
0101100100
0101100100
0101100110
1010010010
0011011111
0010101101
0100110011
0011101001
1010111001
1111100010
0001010011
0101101101
1100010101
10 10 6
101111
001011
111100
100011
010101
111011
011110
100100
000000
111010
100011
111010
100100
101111
011110
000000
001011
111011
010101
111100
10 6 6
010001
101111
101110
011011
010100
010001
100111
011010
000001
011011
001001
010000
000101
010111
111101
101110
7 10 10
1010100101
1000011111
0110001010
1001111010
0011101000
1001100101
0110001001
0111001010
0000101110
0000111111
0000110000
0010110011
1000011010
0110101011
0010010101
1011111011
1010101000
10 10 9
111100011
111100011
111100011
111100011
111100011
111100011
111100011
111100011
111100011
111100011
111100111
111000011
111100001
111100010
110100011
111101011
111100011
011100011
101100011
111110011
10 10 6
000001
000011
011001
110101
010001
010010
100000
111001
010101
010101
111001
010101
000001
010010
110101
100000
000011
100001
010001
011001
10 10 8
00000010
00110101
00000010
00001010
00110101
00000010
00000010
00000010
00000010
00111101
00100010
00111101
00110101
00000000
01000010
10000010
00000110
00010010
00000010
00001010
1 1 1
1
1
10 10 7
1001010
0011010
1011010
1001000
1011011
0011111
1001010
0011011
0011110
1011110
1011010
0001010
0011011
0011111
0011010
1001000
1011011
0011110
1001010
1011110
10 3 10
1001000001
1010010110
0100010010
0101001010
1101111000
1100001001
1011111011
0101001001
0110010011
1010100011
1110000111
0000001100
0100011101
10 10 7
0110011
1110101
1110001
1110101
0110011
0110011
0110011
0001100
1111101
1110100
0010011
1110011
0001100
1110100
1111101
0111011
0110011
0100011
1110001
1110101
10 1 10
1000000010
0000111110
0010110100
0100011111
1011101000
0011000001
1010100001
0110111010
0000011010
0000010111
1110110000
10 10 7
1000001
1001010
1100110
1001110
1000101
0001101
0010000
0110011
1011010
1011101
0110011
1011010
1011101
1000001
0010000
1100110
1001110
1001010
1000101
0001101
10 10 4
0101
0001
1011
0111
1100
1111
1010
1111
1110
1011
1101
0001
0101
1100
1111
0111
1110
0100
1011
1010
4 10 5
10100
00010
11101
11000
00000
11110
11100
01001
01000
10001
01010
11101
10100
01111
10 10 4
0001
1001
1001
0001
0001
0001
1110
0001
0001
0001
0011
0110
1011
1000
1110
0000
0101
0001
1101
1001
10 10 7
0000011
1001010
1111110
0001111
1001111
1101001
0100011
1100111
1110100
0110010
1110100
1111110
1001010
1100111
0000011
1101001
1001111
0100011
0001111
0110010
10 10 10
0010000110
0110000110
0010010110
1010000110
0100000110
0110010111
0110000110
0110000111
0101000110
0110000110
1010000110
0011000110
0110000110
0010000110
0010010110
0110000111
0100000110
0000000110
0110010111
0101000110
10 10 8
00111111
11010110
01101101
11101110
00000010
10101000
10001111
01000101
10101010
01111011
10101010
01101101
10001111
00000010
01000101
01111011
00111111
11010110
10101000
11101110
8 7 10
1111001101
0100001111
0000110110
1111001111
0111111110
0111001111
1000011111
1011000011
0100000001
0111110101
0110111000
0100001101
0000010001
1101010101
0000001000
10 10 6
010011
011111
110011
010011
001111
101000
111101
111000
101110
000011
010011
001111
101110
000011
111101
110011
101000
011111
111000
011011
10 10 4
1101
0101
0101
1100
0100
0111
0101
0110
1101
1100
0100
1101
0111
0001
1000
0101
0110
1001
1111
1100
10 10 7
0001000
0110100
0100000
1100100
0110100
0111100
0101000
0110101
0100100
0100000
0100000
0101000
0110100
1100100
0011000
0001000
1001000
0111100
0100100
0110101
10 10 4
1010
1111
1011
1010
0010
1011
1110
0000
0001
0101
1011
0111
0000
1111
0010
1000
1110
1010
0001
0101
10 10 7
1100101
1100101
1100101
1101101
1101101
1100101
1100101
1100101
1100101
1100101
1100001
0101101
1100100
1110101
1000101
0100101
1100111
1001101
1100101
1101101
10 10 8
10110110
00100000
01111101
10101001
00010100
10100110
00100100
00111001
00000100
11111110
00000100
10100110
10101001
10110110
00111001
00010100
00100000
01111101
11111110
00100100
10 10 10
1011010100
1011100100
1011010000
1011010000
1011011100
0011010100
1111010000
1011111100
1011010000
1011000100
1011010000
1001010100
1011010100
1111010100
1011000100
1111010000
1011111100
0011010100
1011100100
1011011100
6 5 10
1000111000
1110100101
1011001110
1111001010
0100011111
1000111010
0001100011
0101000110
0101001100
0001001001
1111001011
10 10 7
0010111
0010010
0010101
0010100
0001010
1010111
0110111
0111000
0011010
0011000
0010100
0010101
0111000
1010111
0110111
0010010
0010111
0011000
0011010
0001010
10 10 5
11110
00000
11000
01100
00101
00110
11011
01000
10010
01000
11011
10010
11110
00000
01000
00101
11000
00110
01110
01100
10 10 10
1110101101
1110101101
1110101101
1110101101
1110101101
1110101101
1110101101
1110101101
1110101101
1110101101
1010110000
0010010000
0110000111
0010010101
1001101110
1011110001
0101010011
1111110010
1010000010
1110001110
1 10 10
0111110111
0100000001
0100100100
1110000110
0101110001
0111100111
1110100010
0101000110
1100111000
1001100100
0100001001
10 3 2
10
11
10
00
10
01
11
01
00
00
10
00
11
10 10 10
0111100011
0100101101
0011101001
1110001100
0100011000
1001001111
1010010101
1101100110
0100111011
1111110001
1011010010
1100110000
1100111100
0011111101
0101101001
1000100000
0011100001
0110111010
0001011111
0011110001
10 10 6
010011
011110
111110
001000
011100
001100
010100
011000
010000
011110
010100
001100
111110
011110
001000
011000
010000
010011
011100
110011
10 10 9
100110001
001110011
110011000
110011100
111101011
001110101
101110001
001110001
111011100
001110001
001110101
001110011
110011100
111011100
100110001
001110001
110011000
111101011
000110001
101110001
4 10 10
0101011100
0011010111
1101001110
0110011010
0011001101
0100100010
0100010100
1111100101
0111101001
1011101110
0100101010
1001101110
0011000101
1100101110
10 10 7
0010000
0011110
0011010
0011010
0010000
0010100
0010001
0000010
0011010
0010010
0110000
0011110
0010001
0000000
0010000
0010100
0000010
0011010
1010000
0010010
1 10 10
0000110110
0000110110
0010011100
1010110000
0010110010
1101100001
1111000101
0101010111
1110010001
1101111101
1011000001
10 10 8
01010111
11010111
01010111
10010101
00000010
11010101
01000110
01010101
01000010
00010101
11010111
01010111
11010101
01010101
00010101
01000010
00010111
00000010
01000110
10010101
10 7 3
010
010
001
000
000
000
001
101
011
000
101
110
000
011
100
010
001
10 10 5
00001
10001
00111
00010
01011
01111
00011
10000
10000
10100
01011
10001
00011
00111
01111
00001
10000
00010
10100
01001
10 10 9
110100111
011010010
010001111
101100000
001011000
111110000
100010001
101101010
001111010
100111110
110100111
100010001
010001111
111110000
100111110
001111010
001011000
011010010
101101010
101100000
10 10 5
01111
00110
00110
10100
00100
10101
10111
01010
00000
10100
01111
10100
00110
10111
00000
01010
10101
00100
00111
11111
10 10 6
010000
000011
101010
000110
011010
011000
111110
110101
010000
010111
010000
110101
000110
101010
000011
110000
011010
010111
111110
011000
10 10 7
1001111
0100000
1101001
1100110
0101101
1011101
0110011
0010000
1111000
1011111
1101001
1001111
1100110
0010000
0100000
0110011
1011111
1111000
1011101
0101101
2 4 6
011001
010001
101011
111111
011001
010001
1 10 10
1010001110
0100111000
1101010010
1011111001
1101111010
1100101100
0001111111
1010001110
0001101110
0000100110
1100111000
10 10 10
1110010100
1000001010
1010100101
0100010101
1010001110
1100111001
1110001001
1110011100
1110011110
0010000111
1100111001
1110001001
1110010100
1000001010
0100010101
1010001110
1010100101
0010000111
1110011100
1110011110
10 10 7
0110101
1101101
0011001
1100000
0010110
0110011
0110101
1100101
1110101
0001100
0010110
0010101
0110011
0001100
1110101
1100000
1101101
0110101
0011001
1100101
10 10 6
101001
001111
000110
001011
010101
110000
101011
001001
010110
000111
001011
101011
000111
001111
000110
110000
010110
010101
001001
101001
10 10 8
10101011
01010000
00110111
10001101
10001101
11001110
00010101
10011110
11010001
01110111
00010101
10101011
11010001
11001110
00110111
00101011
10001101
01110111
10011110
01010000
10 10 4
1110
0000
0011
0011
1001
1100
1111
1110
1111
0101
1010
1110
1000
1100
0000
0101
0110
0011
1111
1001
10 10 7
0010000
0011000
0010000
0010000
0010000
0010000
0010000
0010000
0010000
0010000
0000000
0010001
0110000
1010000
0010100
0111000
0011000
0010000
1011000
0010010
1 10 10
1110011010
0000001100
1011110000
1000111010
0100001111
1011110100
1111100000
1000001100
1110011010
0000111011
1100100011
10 10 6
101101
101101
101101
101101
101101
101101
101101
100101
101001
101101
100101
101100
000101
100001
110101
001101
101111
111101
101001
101101
10 10 6
010001
000001
000000
100011
110100
001110
000011
001100
011011
000011
000011
110001
010001
011011
001110
110100
000000
100011
000001
001100
10 10 5
01101
11000
11100
00111
01101
11101
11001
01101
10111
01001
11101
11100
01101
11001
01111
01001
10111
11000
00111
00101
9 10 10
0011001000
1001110011
1011011010
1110101100
1111011000
1000011100
1100100100
1110101100
1100000000
0010100100
0001000010
1110111011
0110101011
1000111111
1010000111
0110011101
1110010001
1111000011
1110110101
10 3 2
00
01
00
01
11
01
01
00
01
01
01
00
11
10 10 6
011000
111101
111000
101101
101111
111101
110001
000010
101101
011000
110001
000010
111000
001000
011100
111101
010000
101111
011000
101101
10 10 10
1010110110
0001010111
0010110001
1111111010
0110000010
1100000101
1010001000
0000100100
0010101010
1000111011
1010001000
0010110001
1000111011
0000100100
1010110110
0110000010
1100000101
0010101010
1111111010
0001010111
10 10 10
1110010011
1110010011
1110010011
1110010011
1110010011
1110010011
1110010011
1110010011
1110010011
1110010011
0110010011
1010010011
1110110011
1110010001
1111010011
1110000011
1110011011
1100010011
1110010111
1110010011
10 10 7
0001100
0011111
0100000
0100001
0001010
0000111
1111000
0111111
1010111
1111001
0011111
0001100
1010111
0111111
0100001
1111001
0100000
1111000
0001010
0000111
10 10 7
0110111
1010101
0010110
1001010
0010010
1001000
1001001
1001100
1100000
1001101
0110100
1100111
0110011
1011000
0011111
1101011
0101100
0000110
0110000
0010010
10 3 2
11
10
10
10
11
11
11
11
10
01
01
10
11
10 7 7
1000100
1010011
0000101
0110010
0000011
0010001
0000010
1100010
1010110
1110011
0101101
1100111
1011110
0000001
1001001
1001010
0010011
10 10 9
000110100
011111111
000011110
010101110
011001100
000111101
100111111
111100101
110011010
101001100
000111101
011111111
101001100
010101110
110011010
000011110
100111111
000110100
111100101
011001100
10 10 4
0001
0100
0111
0001
0101
0111
1010
0101
1111
1000
1111
0001
0100
0111
1001
0011
1010
0101
1000
0000
10 10 8
10110010
10001001
00010010
10010010
10000010
10010011
10011010
01100100
10000001
11100100
10010011
10000001
10001001
10000010
01100100
11100100
10110010
10011010
00010010
10010010
10 10 7
0110010
0110110
0010110
1000110
0001010
0000010
1001010
1110010
0010010
1000010
0110110
0110010
0010010
0001010
0010110
1000010
1110010
1000110
1001010
0000010
10 10 10
0101111110
0101101110
1011110110
1101111110
1001111110
1001110110
1010111111
1010111110
0101111110
1101110111
0001111110
1001111110
0101101110
1001110110
0101111110
1101111110
1010111110
1011110110
1010111111
1101110111
10 10 10
0101000001
0011101111
0011010110
1011001110
0101000000
1011000110
1011001110
0011100110
0011100111
0011000110
1011000110
0011101111
0011100110
0011000110
1101000001
0101000001
0011010110
0101000000
1011001110
0011100111
10 10 6
101000
001001
110000
110100
100000
101001
111111
001000
110111
101000
101001
100000
001001
001000
101000
111000
110000
110111
110100
111111
10 10 8
11001000
11011100
00101001
11001100
11011100
11001100
00101011
11101100
00101011
11101101
01001000
11101100
11001100
11101101
00101011
10001000
11011100
11001000
11101000
00101001
10 3 2
00
00
01
10
01
01
01
01
10
11
00
01
10
6 2 6
110100
110011
001011
101001
110000
111100
011101
011010
