100
42
11
1
2018
9416074095370533
4453145577784246
5
4409289962835469
9
7875920913615785
4
1568696106619029
6
3699310595054664
6574895978049572
5254326595689135
396649974271109
8888888888888889
2
2832513943667008
9534732990500479
95
7889791357518894
7430588707422288
8948457514764928
7
10
3
1535145691295643
5263387756354911
1722214227014051
8951540763874963
1279735281410760
7335018437639796
56152677723729
2291635754951839
2724003551722253
9999999999999999
8
4140779325715657
5042336443536
609129244378405
2891725811047057
2229123506710693
7537067991791872
7799412093025132
8472109523209077
5170784077219950
130395090355031
2142989205543588
5212255250614043
6755896403847589
6901673007275336
5983861214746469
9601838784692175
8698066936476784
9632006246874440
811965603058097
9893295531720129
2673920896152683
4178207829892897
1814092162053762
6151421625419983
2229410655582091
9345391032668600
2802849577178784
8928423579301068
4313030499189240
3830059933713363
3974159585679062
6742102399321229
1555555555555555
1455820546245348
4790095006171621
1434137198922730
115237830301951
7163846649309195
10000000000000000
7226484510612575
3998669558846982
7400624826128109
435724127060534
9147973738346442
6424455166725845
4655504414501632
5251728618694008
5610189109500502
7446422507296151
861927198407349
7066233131857076
5260477724394991
3966541271295128
6399651662389412
8812533904580510
6002432664008348
7429645291474863
9700235233372442
1198230647173764
8948052052227829
8964555691407374
