100
42
11
1
2018
64451
32385
7
4377
34464
55777
2450
8
78899
59791
2733
68648
98087
51763
90445
5
60242
5278
62008
87543
3
74676
94510
39301
2534
99999
63198
29594
52669
26985
6844
37069
51414
45497
83609
88590
79369
45006
69407
13462
59907
39204
19383
87844
26633
35514
68263
10
73989
36987
34927
61046
47739
57103
1886
27872
31577
6
23738
41741
85535
58122
84853
73330
20159
39337
97100
43981
9568
13933
4979
50687
95661
24756
47250
4
95
13078
64942
2
33331
9
70615
80984
16837
86205
30406
100000
46056
65354
15187
68826
87433
34223
67604
68966
